service_id,monday,tuesday,wednesday,thursday,friday,saturday,sunday,start_date,end_date
S1412-SATCo-Weekday-06,1,1,1,1,1,0,0,20150305,20150306
S1412-SATCo-Weekday-06-1010100,1,0,1,0,1,0,0,20150305,20150306
S1412-SATCo-Weekday-06-0101000,0,1,0,1,0,0,0,20150305,20150306
S1412-SATCo-Weekday-06-1111000,1,1,1,1,0,0,0,20150305,20150306
S1412-SATCo-Weekday-06-0010000,0,0,1,0,0,0,0,20150305,20150306
S1412-SATCo-Weekday-06-0111000,0,1,1,1,0,0,0,20150305,20150306
S1412-Satco-Saturday-03,0,0,0,0,0,1,0,20150307,20150314
S1412-Satco-Sunday-02,0,0,0,0,0,0,1,20150308,20150308
S1412-AMD-Weekday-63,1,1,1,1,1,0,0,20150309,20150313
S1412-AMD-Weekday-63-0010000,0,0,1,0,0,0,0,20150309,20150313
S1412-AMD-Weekday-63-1111000,1,1,1,1,0,0,0,20150309,20150313
S1412-AMD-Weekday-63-0111000,0,1,1,1,0,0,0,20150309,20150313
HTS04-Hulmes-Weekday-04,1,1,1,1,1,0,0,20150305,20150907
HTS04-Hulmes-Weekday-04-0001100,0,0,0,1,1,0,0,20150305,20150907
HTS04-hulmes-Saturday-01,0,0,0,0,0,1,0,20150307,20150905
UM1415-UMTS-Weekday-12,1,1,1,1,1,0,0,20150305,20150506
UM1415-UMTS-Weekday-12-1110000,1,1,1,0,0,0,0,20150305,20150506
UM1415-UMTS-Weekday-12-0001100,0,0,0,1,1,0,0,20150305,20150506
UM1415-UMTS-Weekday-12-1010100,1,0,1,0,1,0,0,20150305,20150506
UM1415-UMTS-Weekday-12-0000100,0,0,0,0,1,0,0,20150305,20150506
UM1415-UMTS-Weekday-12-0001000,0,0,0,1,0,0,0,20150305,20150506
UM1415-UMTS-Saturday-09,0,0,0,0,0,1,0,20150307,20150502
UM1415-UMTS-Sunday-10,0,0,0,0,0,0,1,20150308,20150503
UM1415-UMTS-Weekday-15,1,1,1,1,1,0,0,20150313,20150313
UM1415-UMTS-Weekday-15-1010100,1,0,1,0,1,0,0,20150313,20150313
UM1415-UMTS-Saturday-07,0,0,0,0,0,1,0,20150314,20150905
UM1415-UMTS-Sunday-08,0,0,0,0,0,0,1,20150315,20150906
UM1415-UMTS-Weekday-05,1,1,1,1,1,0,0,20150316,20150320
UM1415-UMTS-Weekday-21,1,1,1,1,1,0,0,20150420,20150420
UM1415-UMTS-Weekday-14,1,1,1,1,1,0,0,20150507,20150507
UM1415-UMTS-Weekday-14-1110000,1,1,1,0,0,0,0,20150507,20150507
UM1415-UMTS-Weekday-14-0001100,0,0,0,1,1,0,0,20150507,20150507
UM1415-UMTS-Weekday-14-1010100,1,0,1,0,1,0,0,20150507,20150507
UM1415-UMTS-Weekday-14-0000100,0,0,0,0,1,0,0,20150507,20150507
UM1415-UMTS-Weekday-29,1,1,1,1,1,0,0,20150508,20150508
UM1415-UMTS-Saturday-15,0,0,0,0,0,1,0,20150509,20150509
UM1415-UMTS-Sunday-14,0,0,0,0,0,0,1,20150510,20150510
UM1415-UMTS-Weekday-07,1,1,1,1,1,0,0,20150511,20150515
UM1415-UMTS-Weekday-03,1,1,1,1,1,0,0,20150518,20150907
N1501-VATCo-Weekday-03,1,1,1,1,1,0,0,20150305,20150508
N1501-VATCo-Weekday-03-0100000,0,1,0,0,0,0,0,20150305,20150508
N1501-VATCo-Weekday-03-1000000,1,0,0,0,0,0,0,20150305,20150508
N1501-VATCo-Weekday-03-0001000,0,0,0,1,0,0,0,20150305,20150508
N1501-VATCo-Weekday-03-0101100,0,1,0,1,1,0,0,20150305,20150508
N1501-VATCo-Weekday-03-0000100,0,0,0,0,1,0,0,20150305,20150508
N1501-VATCo-Weekday-03-0010000,0,0,1,0,0,0,0,20150305,20150508
N1501-VATCo-Weekday-03-0001100,0,0,0,1,1,0,0,20150305,20150508
N1501-VATCo-Weekday-03-0111100,0,1,1,1,1,0,0,20150305,20150508
N1501-VATCo-Weekday-03-1100100,1,1,0,0,1,0,0,20150305,20150508
N1501-VATCo-Weekday-03-1100000,1,1,0,0,0,0,0,20150305,20150508
N1501-VATCo-Saturday-03,0,0,0,0,0,1,0,20150307,20150509
N1501-VATCo-Sunday-03,0,0,0,0,0,0,1,20150308,20150503
N1501-VATCo-Sunday-99,0,0,0,0,0,0,1,20150315,20150315
N1501-VATCo-Weekday-99,1,1,1,1,1,0,0,20150316,20150320
N1501-VATCo-Weekday-99-0111100,0,1,1,1,1,0,0,20150316,20150320
N1501-VATCo-Weekday-99-1000000,1,0,0,0,0,0,0,20150316,20150320
N1501-VATCo-Weekday-99-0100000,0,1,0,0,0,0,0,20150316,20150320
N1501-VATCo-Weekday-99-0011100,0,0,1,1,1,0,0,20150316,20150320
N1501-VATCo-Weekday-99-0010000,0,0,1,0,0,0,0,20150316,20150320
N1501-VATCo-Weekday-99-0001100,0,0,0,1,1,0,0,20150316,20150320
N1501-VATCo-Saturday-99,0,0,0,0,0,1,0,20150321,20150321
N1501-VATCo-Weekday-40,1,1,1,1,1,0,0,20150420,20150420
